0 0.10807035482340374 0.11850244988748376
1 0.10820419571157822 0.11850244988748376
2 0.10703434489146323 0.1142668690148668
3 0.10595819824360506 0.11320978138090827
4 0.10489272578045489 0.11282654152851933
5 0.10386059846740436 0.1205174402424921
6 0.1030653116565633 0.119104724859088
7 0.1016586769885743 0.11779169434897221
8 0.10041424465765338 0.11475662937531342
9 0.09952204302749747 0.11363489416075402
10 0.0987833188635302 0.10478399324522757
11 0.09745200974511926 0.10373825745603142
12 0.09671347310686854 0.10430304333901809
13 0.09545088105825758 0.10873327992812479
14 0.09417352653670803 0.10669190009705802
15 0.09311748049073104 0.10471607985250468
16 0.09189365130117629 0.1059542275026901
17 0.09085582566325572 0.10217250068615054
18 0.08999998037806761 0.10069519545351312
19 0.08886039873091574 0.0992696529953837
20 0.08835350361686171 0.09821196645225114
21 0.08744800131669142 0.0981147188129386
22 0.08604150630247454 0.09725644026992383
23 0.08536172226739433 0.09093569034835135
24 0.08396832015059003 0.09038481925842184
25 0.08308578001970301 0.09358340495125266
26 0.08197507991074508 0.08898131421375517
27 0.08098399903713704 0.0882659011657458
28 0.07967955608714833 0.08792304912661074
29 0.07938613504561261 0.08862056170443672
30 0.07804425510966743 0.08820806037057655
31 0.07696576030193707 0.08694179939937291
32 0.07652428654696523 0.0844161541345421
33 0.07541522361022772 0.08217792527326155
34 0.07432150115088158 0.08182252897824831
35 0.07326457911337676 0.08046189553776359
36 0.07225181420375772 0.07822760952785644
37 0.07141719040172528 0.07856682928160486
38 0.06971812249664001 0.07831837904482966
39 0.0702821021313305 0.07580757876093215
40 0.06840375007235064 0.07598673326131936
41 0.06750610804509646 0.07284032211572262
42 0.0665389775807902 0.07005730422407497
43 0.06544413898557169 0.0734784022761609
44 0.06448342668007316 0.06961952248812292
45 0.06326668248032061 0.0681921442510022
46 0.06349881637614656 0.0676011118882427
47 0.06225251974924267 0.06695332640249498
48 0.06143504942533419 0.06604924770625506
49 0.06004141130141796 0.06333051303426693
50 0.058773152513765595 0.06262542098473141
51 0.05792817197314958 0.06591313391626133
52 0.05790361022129415 0.06368055706541453
53 0.05610497434811837 0.06256747972684498
54 0.05540319421079886 0.060341823027134964
55 0.05491030937666192 0.06208644817081368
56 0.0540115144374916 0.060864116758727264
57 0.05362584675807909 0.05601515332074129
58 0.05222138120514461 0.056191985726893934
59 0.05065221369473357 0.05499079616740635
60 0.0500674950264327 0.054959396649857106
61 0.04897393270118437 0.05339960309765942
62 0.0484314833486321 0.051490082977082074
63 0.046845184408428484 0.051436517725744445
64 0.04612673121003532 0.050772242510032914
65 0.045454942527866915 0.05146110477686497
66 0.04518193029878954 0.04928810395458491
67 0.04407351226552817 0.04811356698569945
68 0.04370191831728863 0.047376541945538184
69 0.043205705564122225 0.04696648429395039
70 0.04220616237503466 0.047271816551250116
71 0.04181039570056298 0.044654986347841714
72 0.040089904356076046 0.04333657146734042
73 0.03914221686512348 0.04220370879491968
74 0.038922007830745384 0.04203158457484249
75 0.038330682199038166 0.04121188013327684
76 0.03754379316073368 0.04045743388110112
77 0.036725796727534635 0.04197480025806001
78 0.03646657435093283 0.040394978254532296
79 0.035234434865202356 0.038725505563064394
80 0.034945775577214955 0.038683151831481105
81 0.034431567107400016 0.035692735103330875
82 0.03345534645341366 0.036457130528627445
83 0.033070675991488205 0.03645368171450401
84 0.032793603877481904 0.03572250260118123
85 0.03176957689707108 0.03607720599587938
86 0.03160172191230633 0.03409271479492166
87 0.030390697013311253 0.03195636898401079
88 0.02908496983899097 0.03188601420083283
89 0.029338117658034745 0.0309373421496327
90 0.027950012391857546 0.02907200450065766
91 0.02753234369779586 0.029254952109273095
92 0.027171833750513644 0.028903367997374477
93 0.026893593216045817 0.028154316176133065
94 0.026586219311283188 0.027444770488557015
95 0.025901681799213302 0.02673367717218834
96 0.02501917694853819 0.025584673553924544
97 0.024334732744691296 0.024558482815209975
98 0.023306863650570768 0.023900775678523535
99 0.02274978903714401 0.023249145469571377
