0 0.15538337972993946 0.09295472756405303
1 0.1554680854542571 0.09295472756405303
2 0.1538604644773624 0.09185239467055863
3 0.1526585032730453 0.09082187604561313
4 0.15141264739563967 0.08947998293068733
5 0.14984525363899134 0.08893470936519508
6 0.1482910342859668 0.0897958792116682
7 0.14690468548291524 0.09243717056164713
8 0.14530024035854186 0.092031539038408
9 0.14401313076546218 0.08964266939508257
10 0.14258465370661436 0.08602084482194435
11 0.14150942013780943 0.09235884905783169
12 0.1399437928146914 0.0914769554048369
13 0.13862948978183925 0.08875581567932635
14 0.13701400487410964 0.0845523709460667
15 0.13536249893653438 0.08543689414611502
16 0.1340066753167897 0.0850389559974461
17 0.13283425103236027 0.0825611916288923
18 0.13144252303089465 0.0822217386592321
19 0.13061796319750946 0.08347063416443591
20 0.12871795952695114 0.08320830799106912
21 0.12778755136181907 0.08375689048607611
22 0.12687481390981983 0.08406840115722096
23 0.12505231561704402 0.0829206017224365
24 0.12415871511314591 0.08242353859664137
25 0.12245315389693386 0.08558765364950273
26 0.12135631161495301 0.08192865648061656
27 0.12027455562700749 0.07950628554611429
28 0.11915340980706932 0.0811132512600343
29 0.11832982726612142 0.0799817075653688
30 0.11711221349245095 0.07731968239465052
31 0.11544690888514285 0.0791433588886872
32 0.11404799043241405 0.07876894045041422
33 0.11276521406688035 0.07645418243615532
34 0.11166266491794866 0.08407099859285135
35 0.11095673787808984 0.07826841059025264
36 0.10959859930360955 0.07815290363846918
37 0.10780472523345626 0.08086135488035001
38 0.10745473809625794 0.07833899683623041
39 0.10625728157923721 0.07815458094328946
40 0.10518289090859367 0.080315849518139
41 0.1038028523239806 0.079178481860588
42 0.10262743702197151 0.0782356496630651
43 0.10198397749023738 0.07761138036521106
44 0.10080775532920877 0.07851464124319119
45 0.09966291426473792 0.0730754681571468
46 0.09892777610017454 0.07645182572378141
47 0.09775963116864221 0.07535181979572282
48 0.09698793542542784 0.07482237135686644
49 0.09526898715926949 0.07952300465295853
50 0.0945931083994871 0.07363206512409794
51 0.09321031895292324 0.0752441683923156
52 0.09225238507936667 0.07324354302905403
53 0.09143397765033678 0.07797244461380948
54 0.09049791051457078 0.07674300989407369
55 0.08982351146752787 0.07318501995184278
56 0.08852892383394889 0.07434267785561031
57 0.08829624639158115 0.07018079745164718
58 0.08669888697257636 0.07277087055585169
59 0.08559938312781319 0.06239826336708318
60 0.08511977716861134 0.07106689296301637
61 0.08422480608080174 0.07308119514012712
62 0.08316170474095591 0.07455968110246396
63 0.08205234741945674 0.07409439023537676
64 0.08142419912679849 0.06956565757672524
65 0.08067951505351985 0.07284097022028391
66 0.07953519925542878 0.05840656390271727
67 0.0784017824082726 0.06589563252174778
68 0.0779070606264717 0.06774406704869876
69 0.0770862477141886 0.0637077768651129
70 0.07582648404414677 0.07136697087531506
71 0.07546076862075442 0.06733099276932858
72 0.07484264749986229 0.0674761735296341
73 0.07319407602620696 0.06916368523626977
74 0.07277519800364396 0.06307372821377848
75 0.07128984660387856 0.060469696698924894
76 0.07103493714513251 0.0695759730272437
77 0.07029484942607908 0.06732601577015475
78 0.06992786841447893 0.06120526039557962
79 0.06857455392577057 0.06301048819910571
80 0.06841421738244988 0.05728813679807432
81 0.06710711826990538 0.06333111598148938
82 0.0660055061662913 0.06270280843011693
83 0.06532971909800443 0.0582287504586902
84 0.06498342451382907 0.06177390758635966
85 0.06412724508385859 0.06251310505779335
86 0.06297207726785968 0.0628059630281287
87 0.062427892522293166 0.06236209604382751
88 0.06176095620883345 0.05783072929174274
89 0.06089808196586064 0.059006450957994644
90 0.060288811250964885 0.06051877287944876
91 0.05982228295536724 0.057680340427957895
92 0.059164759228193586 0.051703842865969886
93 0.05818791457440253 0.06240823510220791
94 0.05759208512558227 0.053692504065454345
95 0.05659456413124676 0.05173779301216944
96 0.056261732581332005 0.04950794871031234
97 0.055900123772443536 0.052920323338229845
98 0.05483904702488834 0.053001203809595526
99 0.05409859619599279 0.053480332013322564
100 0.053252541702511244 0.04980558856249912
101 0.05269325914102312 0.04541009764281839
102 0.05194083495998431 0.04721476852166283
103 0.05142066970998605 0.04371357725710596
104 0.0508927178697328 0.0500446259145097
105 0.05015764270194995 0.050769638024087516
106 0.04959337563166126 0.046550072449057435
107 0.04873303790192027 0.04577623208269331
108 0.04801567007026019 0.04790298101767871
109 0.047186739189721404 0.04517393011134208
110 0.04683103422774221 0.04610884365890128
111 0.046002171717858045 0.044734364377864155
112 0.046368435165633236 0.04333142502486079
113 0.04502635529777061 0.041966308941407425
114 0.04435340269595805 0.03835039940239041
115 0.043735104852432184 0.042734645137421194
116 0.04299576998440335 0.04369385930702278
117 0.04323644090515619 0.04104714745320294
118 0.0422313527511668 0.035837707554943976
119 0.04141001451205569 0.03948856151114492
120 0.04065723901436407 0.039583912681921574
121 0.040696513748208644 0.04022805432523168
122 0.039639474498473354 0.03509831815577819
123 0.03949312549476772 0.03293160466024245
124 0.039154552038802075 0.040109471622522694
125 0.03838197810881755 0.03694353220188928
126 0.03778102124880023 0.032296934121665226
127 0.037074205751213354 0.03783355149197307
128 0.03711251541921 0.03478699729707556
129 0.036057432030102546 0.03520865328139883
130 0.0360296115267747 0.03033738573003097
131 0.035388005890681445 0.028161812703915892
132 0.035417629441976226 0.034118658013204774
133 0.03435070743177397 0.033069191674914525
134 0.033632497604294175 0.03470763032505906
135 0.032888209066130686 0.03198096724916996
136 0.03196360303561363 0.029319312223116005
137 0.03238396070078524 0.032738415808531485
138 0.03171344745999377 0.030425449011155226
139 0.03156341651210556 0.031812613356508784
140 0.030350413535871236 0.02921280473126603
141 0.030053562104696892 0.028514371898676574
142 0.029812551173964207 0.025547298896267556
143 0.0290989680925669 0.026666907602870563
144 0.0287510322135391 0.023719102778852932
145 0.028600580121676305 0.025929534912589376
146 0.027917512001276346 0.023903232651827325
147 0.02753206569558964 0.028199530998710667
148 0.02731682563436756 0.025039008783832455
149 0.026232745570950507 0.024350817316926177
150 0.02629518283718591 0.021803412267167813
151 0.025819984947737677 0.023639618687481743
152 0.025549514600099996 0.022976133927902216
153 0.02493883304643223 0.020472384203141278
154 0.024522898700595368 0.022385863547462536
155 0.02448177686846505 0.022301788444259403
156 0.023786542159249528 0.022388802572105775
157 0.023874884584587374 0.02107881072958363
158 0.023115970619493987 0.01864580222480123
159 0.023090769227932878 0.021307383185471505
160 0.022717823857048593 0.018472620143057873
161 0.022054472219623162 0.0178789157282949
162 0.021751041413681758 0.01883645519890794
163 0.021760575213098026 0.020573604606012836
164 0.021298283589326922 0.017634551288745793
165 0.020284222733112346 0.01637076821091919
166 0.02071318046263241 0.017535783735793044
167 0.019838837797901687 0.01822774619754386
168 0.01986502850351376 0.018238734910185617
169 0.01931027307400218 0.01698553626970341
170 0.019036780897785474 0.018675710241521485
171 0.018718281940161736 0.016229896155885656
172 0.018379048515345116 0.016131841373683318
173 0.018290485209029237 0.01587793345185881
174 0.017863967395858597 0.01565622272220969
175 0.017565950165686055 0.015834531921871262
176 0.01749215845336176 0.015934504595193417
177 0.016994027170382963 0.015189863877054444
178 0.01655575586257902 0.014971733992693637
179 0.016282308753838844 0.015186707225979897
180 0.016025352414010416 0.01423368741627976
181 0.015671193722434893 0.01363006774933444
182 0.015424882493715935 0.013295539103471718
183 0.015297222033447942 0.014039012540703987
184 0.015069339277820788 0.013174137442388833
185 0.014705944493401334 0.013105967697873918
186 0.014328530070467362 0.01251236693378125
187 0.01424370951239721 0.01236071473858291
188 0.013793077678304743 0.012180925033627955
189 0.013478739934609813 0.011943056776341233
190 0.013368650587926616 0.01184142787284044
191 0.013268373718136045 0.011357373716095668
192 0.013005263593498679 0.01181596041316547
193 0.01274745949707659 0.01138061839868092
194 0.012697038983875258 0.010924894247858774
195 0.01236763649130805 0.010709796407410429
196 0.012141597511568876 0.010600104027454947
197 0.011860506029546226 0.010191628958250187
198 0.011539280722814375 0.010494876169476567
199 0.011334093306370313 0.010239995613365699
