0 0.12934328701977987 0.13252747349771885
1 0.12934658708437408 0.13252747349771885
2 0.1280052965885738 0.13105325845434207
3 0.1266527186759354 0.12921773111206866
4 0.12555170295144585 0.12883631487401018
5 0.12466733886557697 0.11809585097230425
6 0.12276059908359235 0.12684496857359023
7 0.12165250557693368 0.12583077714894225
8 0.12061710794698823 0.12489811786487642
9 0.11934401444930358 0.11746109275724513
10 0.11834755535153048 0.12091812891884096
11 0.1175412616294098 0.12146332203693383
12 0.11632175700383617 0.11603370742001567
13 0.11523605670053451 0.13037695378996045
14 0.11402217567546759 0.1111604189334262
15 0.11244932576943954 0.10575789934257576
16 0.11165238492900156 0.10491603232726729
17 0.11024099277727732 0.11871777154953238
18 0.10899632402928645 0.10542740695020007
19 0.10794775185939567 0.10209212425902887
20 0.106671334985441 0.10965278843656946
21 0.10565773628335243 0.10316547195412008
22 0.10401058016753838 0.10784079894741117
23 0.10307840479374514 0.09971413083520653
24 0.10277076391978165 0.09662175084695786
25 0.10148486754673619 0.09950942268488538
26 0.10058914103996718 0.09707522901228689
27 0.09952363047929487 0.099185784835949
28 0.09832573470553198 0.09981932225897959
29 0.0973567532223569 0.10401246110130069
30 0.09660676377357594 0.10302094896288741
31 0.09551500321491627 0.10035551573887433
32 0.09476394917513875 0.08851591009960473
33 0.09345696658153854 0.09087536469237999
34 0.09223212027021639 0.09051747249789224
35 0.09142129371827004 0.08188963530980051
36 0.09008258367137574 0.08216742134530755
37 0.08897038814334877 0.08327179195107634
38 0.08839639074100429 0.08893805970960575
39 0.08719442941012208 0.0817069093148588
40 0.08641641864491957 0.08096625786572223
41 0.08553489403933844 0.07579309064231438
42 0.0847788942772567 0.07966938557882083
43 0.08353380420944405 0.09018078812773153
44 0.0828939794766084 0.07941071875476462
45 0.08189268722680469 0.08427525202908737
46 0.08090602843585545 0.0857184598116841
47 0.0793671477850175 0.07177225900359056
48 0.07921137086136085 0.07016927696832059
49 0.07804689157077656 0.07109431151089415
50 0.07717381083031512 0.07217081439303524
51 0.07667371712377342 0.0678022614016003
52 0.0754465139802462 0.06701125889767207
53 0.07486873645729529 0.07191984112800386
54 0.07383737442202437 0.06530915394352009
55 0.0731745007371304 0.06589725091756858
56 0.07156247210345064 0.0661025051121616
57 0.07106618467063903 0.06405932875389354
58 0.07013684693298418 0.06711109294829226
59 0.06958965052207197 0.06630892293046883
60 0.06838610113256666 0.06133738891298352
61 0.0676778461683492 0.07480888537870269
62 0.06648316161736503 0.06422828357179783
63 0.0658041265108744 0.059289285665821354
64 0.06477921073925158 0.05664183468205849
65 0.06423106583410344 0.05459268494402678
66 0.06356810407618946 0.05976945782692622
67 0.06251277592766147 0.05278878165538738
68 0.06175882946132175 0.05696308494582757
69 0.06084187203149973 0.055138403054600764
70 0.06005678702894443 0.056536899765587754
71 0.059599204621048965 0.05575362210898437
72 0.058736629276600796 0.05483605628013065
73 0.05782305669615263 0.053627441594996626
74 0.05673649520533713 0.053325040099167796
75 0.05629544692211208 0.05293902139852721
76 0.05511463810803798 0.049357606916665415
77 0.05477938709309787 0.04803723686517757
78 0.053828695182494134 0.045173738219715896
79 0.053352533765483705 0.051004804119079455
80 0.05259199222124627 0.04395074928802223
81 0.05165928349381044 0.047469174404961165
82 0.05095782871559536 0.04322119461656217
83 0.049741742224653274 0.04363494029430425
84 0.049618597257866555 0.04301251240041457
85 0.0488332286802375 0.0407624487702491
86 0.047920456676158636 0.041696282254748515
87 0.04694770889008876 0.040060772796127554
88 0.046535917510267255 0.04244237349611795
89 0.04543232377529771 0.03806556747623684
90 0.045264355723696595 0.03640615455859474
91 0.04468031156214011 0.039632258119421095
92 0.04317875147651762 0.04074272433645371
93 0.04269387845648215 0.03747152905300958
94 0.04241599748836708 0.0375903792045424
95 0.041763879814645445 0.03299384521639593
96 0.041350899398690764 0.03481226416000485
97 0.04023819250421545 0.0321264554966748
98 0.039084616627346934 0.03221262851620312
99 0.039277544310451336 0.03468409346783156
