0 0.15517524777488065 0.1320128752894808
1 0.15519802665975616 0.1320128752894808
2 0.15250152823977817 0.12904560679502416
3 0.1501010340127571 0.12617676057581712
4 0.1476792719213054 0.12337151532420439
5 0.14541095461599157 0.1208215915127588
6 0.14349599565880147 0.1181207796508093
7 0.14140340174846577 0.10979120944080707
8 0.13825344226961953 0.10703817474263264
9 0.136676574793999 0.10422786309691354
10 0.1344885165603829 0.12727082163762996
11 0.13236621490879308 0.09960361957798972
12 0.1301212581715682 0.09797899968640117
13 0.12834212543707219 0.0983342501985118
14 0.126669677614829 0.0959768068480492
15 0.12473071559739302 0.09401523224880406
16 0.12278551615961045 0.09346799512084839
17 0.12035029869719517 0.09990066577259232
18 0.11935788866395515 0.09860577837480505
19 0.11711040914287997 0.09751491106900352
20 0.11502451849038045 0.09623395249590136
21 0.11296109963813822 0.09521874810990595
22 0.11123118852722012 0.0854643498425596
23 0.10991516659311064 0.08699044611697074
24 0.10750997818061445 0.0865388236399353
25 0.10567439568227639 0.08933418722866215
26 0.10398787297328707 0.0855759283694467
27 0.10202302132011148 0.08265761134084122
28 0.10048816889801158 0.08163657416380017
29 0.09901083831056921 0.0839694555756437
30 0.09703809194615257 0.08842878502406669
31 0.09629398768521832 0.08348471337682972
32 0.09440379590462275 0.0776501695267892
33 0.09242301156092307 0.0801277649180811
34 0.09142506974505385 0.08438852603962052
35 0.09019703480630546 0.07888657561207792
36 0.0884598063849374 0.07696614199231977
37 0.08665760417489837 0.07452911362127157
38 0.0851800146196308 0.07218081005975033
39 0.08390765643269904 0.07522565510360602
40 0.08234099381292351 0.07234051959362411
41 0.0807144666925903 0.07243738197222746
42 0.07994403639141819 0.07508047029836039
43 0.07800478552174522 0.0689610609793662
44 0.0773311821412882 0.07371547307719457
45 0.07577353046792179 0.07222996369605407
46 0.0741417354643473 0.06794568601522756
47 0.07302467492377279 0.07154036388978285
48 0.07147204329842306 0.07098125622627377
49 0.07063266586947793 0.06800884061839448
50 0.06940441143693202 0.06665574585741685
51 0.06822700435835269 0.06415606074337726
52 0.06719155860165968 0.06748853603079712
53 0.0656852662083634 0.06294592040577784
54 0.0641361682455861 0.06425808925797147
55 0.06310432450781366 0.0571603344930845
56 0.061731472163889606 0.05668716925241578
57 0.06133177323622625 0.06282219636810298
58 0.05997212097307629 0.05916781626768105
59 0.058879828666959774 0.054833681572158406
60 0.05753870465360746 0.05654189588063982
61 0.056423933480605516 0.056148838015852236
62 0.05536890174782334 0.054279758694035854
63 0.05466464361721476 0.051515311080404136
64 0.05354198575171741 0.05068208703233897
65 0.052289061783198656 0.051221562391947945
66 0.05157885355741336 0.05141114877593517
67 0.05072389082808858 0.04943032916914443
68 0.049577320921419636 0.05337439999385605
69 0.04845653091847507 0.047645699817181704
70 0.04746550829144818 0.047326944855280266
71 0.04648897801801414 0.04521980166566179
72 0.044979205980492605 0.04615829696291127
73 0.044285423541878394 0.04442040000252018
74 0.04378988199086316 0.040979528646462725
75 0.04260352466920651 0.04557159126015886
76 0.04143352736981608 0.04192945068523165
77 0.0408563337754209 0.04187469575051931
78 0.04006085837032708 0.03977949611098242
79 0.03933099411042473 0.03882521419637163
80 0.03835491619844853 0.04035218891442566
81 0.03739789384797905 0.03755085033583635
82 0.036934032639665666 0.03999776624634676
83 0.03563762095799581 0.03760429499092683
84 0.035133123817057126 0.03633376994832825
85 0.03436116083992083 0.03337573256315916
86 0.0335012649387314 0.03443249209324982
87 0.0326111707402331 0.035562769927216846
88 0.032210751860476415 0.035278143467521526
89 0.03108844916051535 0.032724833783852096
90 0.030415965205682762 0.0323958876116939
91 0.029782008920071584 0.02689121302054244
92 0.0290658663628185 0.029988110736787886
93 0.02851675253248767 0.026727470406089835
94 0.027983040734034476 0.02909082873674847
95 0.02709755454007302 0.02798368581556496
96 0.0261937337106963 0.026061824490073215
97 0.026007098152620887 0.028413666361951848
98 0.02535504975814026 0.026999129211299974
99 0.024524243549918615 0.02502836534780525
