0 0.10886807416809113 0.10739968240709166
1 0.10893750385288412 0.10739968240709166
2 0.10770118476252795 0.10612664776131339
3 0.10643896808876428 0.10495523701285041
4 0.10522837509781688 0.10804934901604367
5 0.10383233953587476 0.10240997453292253
6 0.10272100073833998 0.10126803270691466
7 0.10157185878191743 0.1002217388600912
8 0.10040935619953889 0.09931011086540835
9 0.09924589342917513 0.09913807721877853
10 0.09837833416043615 0.09743026494657057
11 0.09678229593571251 0.096433531768756
12 0.09549482127431791 0.09546147440808508
13 0.09480072571260378 0.09449819296912274
14 0.09368529790803398 0.09361674056606384
15 0.09282918021065065 0.09277869001333973
16 0.09154970057931011 0.09181563164166737
17 0.09041387868574853 0.0910190781807725
18 0.08942433443970778 0.09001242643186036
19 0.08833750256645914 0.08962833477549081
20 0.0871081683656901 0.09131889385791939
21 0.08600737042898701 0.09275846474444555
22 0.08474809121559394 0.087601981110556
23 0.08365248223799666 0.08732180978116773
24 0.08294242772768995 0.08497463272161558
25 0.08099141521388599 0.0852861416067928
26 0.08010286654138483 0.08312079006660703
27 0.07933630835599625 0.08215700524507256
28 0.07813128924411977 0.08317678288243602
29 0.07704669836373317 0.08288826325591304
30 0.07590650030797862 0.08036919583077777
31 0.07505087471345077 0.0810343123714385
32 0.07366368396240626 0.0771103830046597
33 0.07283315795360959 0.08200932185383814
34 0.07174277678768043 0.07474158373856638
35 0.0708618771863851 0.07458035254558622
36 0.06967502108169132 0.07808967077533806
37 0.06827685337954917 0.07416542354987307
38 0.06681076358700509 0.07502823601121124
39 0.06593923993388665 0.07265766530230584
40 0.0651157624124436 0.07141031173847277
41 0.06374385186131518 0.06953166613796524
42 0.0627516357962306 0.06879115893749825
43 0.06211908786632535 0.0684039874573545
44 0.060986781238582956 0.06985260070867735
45 0.05993347459465622 0.06569272579053603
46 0.059369116905615894 0.06490130893379
47 0.05735068970222841 0.06300518587427416
48 0.056520432658673125 0.06365456181183386
49 0.05507409317594928 0.0628902974616724
50 0.05425834699479417 0.062274170036853774
51 0.05389550817167094 0.05809981874010399
52 0.05318183643603939 0.05874012818959855
53 0.05158303646966551 0.057954333870754486
54 0.05128037157733126 0.057879281535243896
55 0.049885019409643454 0.056074906907611695
56 0.04880120600624159 0.05569787388283821
57 0.047905293404205705 0.05345426587512528
58 0.04725181286581437 0.05272773125366582
59 0.046329653435891696 0.05204113610171427
60 0.04530783421025035 0.05272195157027237
61 0.04507173694891327 0.05040984679199327
62 0.04354659430073549 0.04821249595035778
63 0.04309836687701929 0.04941270951202415
64 0.04232601065768266 0.04657663928343744
65 0.0412099791064051 0.04640353411863839
66 0.04020557701929542 0.043364838058838194
67 0.03949010113611723 0.04308894969222618
68 0.037720266375510826 0.04273382453662803
69 0.03774483036052798 0.041462686470160055
70 0.03727011540598011 0.041477150603265754
71 0.035915187144652826 0.03918299065386502
72 0.03414121417214567 0.04014212316229176
73 0.03438729561159968 0.03635583620154569
74 0.033397039149128095 0.03458487124909951
75 0.03230189657474801 0.03529023230078676
76 0.03197132252636621 0.03548969971760807
77 0.030614420345616664 0.033164461878744146
78 0.030523194490126217 0.033308198761491326
79 0.029854727435641482 0.03436649769827045
80 0.029822782923570705 0.0325680482385392
81 0.028560970429679488 0.031507170062973426
82 0.027900875648329406 0.030900041491599917
83 0.027355134125012975 0.030250373828759416
84 0.026517247599932795 0.030167750546199724
85 0.02613515029648986 0.028024582622527324
86 0.024997001073690524 0.02628386522567632
87 0.024092884036668562 0.024146123772775
88 0.023315907292746088 0.02306000038135783
89 0.022898537448157855 0.02385638009006795
90 0.02274006031109447 0.02316488777265461
91 0.021858914177155953 0.022155777989786938
92 0.02134480355223849 0.022025178030067805
93 0.020894070934093553 0.021735700491531226
94 0.020396713413328965 0.021236543044504282
95 0.019818107619777436 0.02050005541775568
96 0.019406314005629553 0.019591441875446033
97 0.01873670568204726 0.01921374109580031
98 0.018405897301855715 0.018296317689394256
99 0.017964987780061684 0.017725618186124233
