0 1567.8847417327136 763.8902008610486
1 1567.602974009912 763.8902008610486
2 1542.5513744196505 734.1878810791825
3 1519.6073738699865 727.8290342247025
4 1495.0925195398888 726.7284403677377
5 1469.4063778020325 721.3137988795571
6 1447.89864296007 715.1623922149082
7 1420.0989866413083 708.0590210227946
8 1398.7851389938942 700.5144398028216
9 1375.4197655635678 692.5722641002776
10 1348.5794812542201 660.5820964267548
11 1328.0623647171062 649.2587366514254
12 1308.4915118910792 636.1791279238348
13 1285.913242285047 627.0044590544562
14 1264.6549959443428 613.6310489359096
15 1242.4824988946616 599.7337715105851
16 1223.0817471201058 622.0558266390204
17 1198.8762240827075 604.3416617463616
18 1178.8527324145768 550.106388204886
19 1159.8901508700374 556.0049510663684
20 1142.6841618830424 567.7724801977316
21 1121.3618638028634 542.5930557179672
22 1102.4579243077828 538.2425799475927
23 1088.4837766749654 524.4321205898245
24 1070.3609859746805 508.72742132169134
25 1049.1185800384974 477.20441411364317
26 1032.849409896518 500.4401702580808
27 1016.4293186271507 482.08068108676815
28 993.6764518093984 452.3975069681339
29 978.1938316160564 510.1856605128516
30 961.919364419427 454.9713925814971
31 943.6933851455607 438.66774622449356
32 929.1917383673212 457.16071688312286
33 914.3262074894407 428.1473532405468
34 901.2054287640517 444.9678569479299
35 877.6244072819577 397.8058111720664
36 860.8654298122685 410.99137445885236
37 851.3805401450057 415.9906039498251
38 838.2164590305943 388.9261672878703
39 818.1904101250896 376.33159492052437
40 805.5045094635161 394.82085951436636
41 791.6545068431859 354.89773708824964
42 774.8742022718028 380.0443654096378
43 764.6850144858715 377.48776072655124
44 751.27530391114 369.7885620153032
45 741.5277196747218 360.96357048418446
46 724.3953296897921 321.2651524258376
47 713.0228181864074 341.4094737079265
48 698.9912108684584 348.7389123052503
49 683.3312960170434 332.4023847934506
50 673.8602675084272 323.80171583842923
51 656.7302274143339 315.312165449831
52 643.3152503665829 306.8102125036044
53 632.950845869995 313.6680908819068
54 624.9824300408757 305.0214567535862
55 611.3168364681625 294.5607005694815
56 598.3304794108313 307.95672616004407
57 587.9265267556792 274.92056968748017
58 577.0448171027385 264.0207874748174
59 562.0259526346741 265.0137290400546
60 550.2073975172169 280.0386271558594
61 543.1540673431482 245.54950294916486
62 530.5623930159968 273.7097356518523
63 521.5555903271812 263.15383371119964
64 516.2927206220177 239.3278113369158
65 500.2495716404975 217.80781212566052
66 489.008574759206 225.5520294967358
67 479.2369408271198 234.7438719913507
68 468.3202435931409 221.73234098106974
69 458.78896406910684 220.66471539625596
70 451.46604609598995 199.36447952018753
71 443.36752316563854 205.7895934053694
72 431.9577266857321 194.1836862645512
73 425.97694533569677 170.66652115461153
74 412.019864067364 184.3719203748827
75 405.81999247395305 166.66570704169078
76 396.19431288453535 164.2759421300667
77 389.17676501384597 173.13652188520217
78 378.7133445718893 162.62333025530071
79 372.34556256051513 166.16747286361485
80 361.60172569412623 164.1389836903216
81 356.5953644510521 161.32839140464108
82 344.4062989389928 140.47147074287676
83 339.5463876466279 143.08569747717723
84 327.6864421060115 155.7291520660164
85 324.525181133103 130.9721174811959
86 315.9734630218234 131.80614980855663
87 311.5333733220709 131.3834780426074
88 301.12210215184103 123.41197159626954
89 293.6182491335425 130.01341149090706
90 287.33757526084736 115.35682107451854
91 279.6972613690228 114.03922631441769
92 274.730397158064 114.70096787872818
93 267.61564391200125 103.0424687401227
94 259.67535625379134 106.65397334942267
95 254.07754055972967 106.98731250353521
96 250.06184215937708 108.59315970028986
97 242.97035974941184 105.28617841366693
98 235.00469696877065 91.51779843743346
99 231.79477985482652 91.57130638764261
