0 0.12832684911480513 0.12650061556425138
1 0.12840140772257047 0.12650061556425138
2 0.12653490358137326 0.12435030693339263
3 0.12493840913727104 0.12273916653710622
4 0.1232660570498499 0.1219105653431972
5 0.12162555144525912 0.12018409765528505
6 0.12018486390258644 0.11897162739425052
7 0.11835838840559153 0.11811065753761255
8 0.1170220582926777 0.11646070641653593
9 0.115314228272759 0.11515906920902003
10 0.1138024931408655 0.11392385198618156
11 0.11226266197325362 0.11277510176131807
12 0.1106624190755295 0.11126932503495424
13 0.10934774384645106 0.11109066631952765
14 0.10811282045640117 0.10884830042260567
15 0.10703472145149773 0.10732052486369925
16 0.10446216767031692 0.10600722589300413
17 0.1032676161468667 0.1044850018792071
18 0.10154714356944833 0.10321911597658998
19 0.10050664567819798 0.10205323907222481
20 0.09917096540619606 0.10057762278778037
21 0.09763327565609842 0.10007972265780338
22 0.09595405236399907 0.10212582167749763
23 0.09507823761139604 0.09445579006222046
24 0.09340504505221234 0.09446565248758786
25 0.09191799171415871 0.09438313526292152
26 0.09096365701238864 0.09059547333028062
27 0.08932653143645629 0.09315029341811919
28 0.08807371089096801 0.09068178502711241
29 0.0868211473695785 0.09027801923191128
30 0.08525923237120511 0.08766245922694763
31 0.0838796157235467 0.08491002660048805
32 0.08271858238179586 0.0881488642886551
33 0.08144834298352487 0.08696154982836478
34 0.08035345194955079 0.08815874653739258
35 0.07965206679703601 0.08680343636655478
36 0.07805183045501825 0.08073495593799042
37 0.07656006148219195 0.08145885896855931
38 0.0758495223708576 0.07748311875893676
39 0.07456451725631115 0.07751589993157294
40 0.07321701387630265 0.0785892573040759
41 0.07276771653137123 0.08049713543712951
42 0.0708280878531926 0.07709373443550673
43 0.06920492373227173 0.07645300469685283
44 0.06865641492961705 0.07514530326469333
45 0.06764543343943737 0.07568625806242571
46 0.06671028253457563 0.07827031735957604
47 0.0653067492285979 0.07299481623282668
48 0.06380597679289962 0.07157733978042893
49 0.06325111636042052 0.07061455050964806
50 0.06232272120844313 0.06765082373912414
51 0.060925392532070334 0.06773963354171039
52 0.059514271869133835 0.06667932978411532
53 0.05876261447068097 0.06583860098007482
54 0.057844806367700494 0.06714305034917947
55 0.05660762502370745 0.06523712229429855
56 0.05573231266505461 0.0645152837051065
57 0.054517216037659626 0.060443566630450085
58 0.05397279620379643 0.0635269600052843
59 0.05257393365266794 0.055887442380500224
60 0.0515539012397934 0.054466754802756805
61 0.050884538814017846 0.05815892851650833
62 0.049609706574108604 0.056358096371191074
63 0.04892488581153907 0.05632064355072721
64 0.04757910784738251 0.05477165392851974
65 0.04672939172846717 0.05768673469645668
66 0.04597720773044113 0.05513362331211866
67 0.04536394792450193 0.05273235883783468
68 0.04420610038329006 0.0504571278547073
69 0.043834941234618896 0.053588340085360654
70 0.042683257378399016 0.045486480362958194
71 0.040840238048045666 0.0474854894130014
72 0.04066927014621725 0.04617508428009629
73 0.0395982602198645 0.04672703116005684
74 0.03888620116212266 0.04506491780665319
75 0.03723891909473075 0.043358319353069656
76 0.03739909558814737 0.03597432131841645
77 0.03639438602944659 0.04328972377139414
78 0.03545557961763775 0.03776692212560296
79 0.03456723097435474 0.03647540340776035
80 0.03409741767298783 0.03560272126546489
81 0.03295137837728981 0.03997748760562097
82 0.03219788832754904 0.03810736914574956
83 0.03182389629844558 0.03884424959883467
84 0.029927227056768518 0.03129986838967438
85 0.029635679862838375 0.03525958559397454
86 0.029227295946870357 0.031749200932521676
87 0.029004427982480943 0.032937457641353536
88 0.027859122616131857 0.027150082797433066
89 0.02666987471338301 0.029870731434349013
90 0.027116960342545012 0.027663195598661695
91 0.02614993774369903 0.025966741781823954
92 0.025245914896040035 0.027118312333840773
93 0.02398564064562499 0.02677529965634403
94 0.023877584658896386 0.022561859368296047
95 0.02311237056155912 0.02550132193744182
96 0.022464298997892446 0.025872039263086864
97 0.021902852058889043 0.022529879407738637
98 0.022189621864672642 0.020509689863995005
99 0.0216580503527289 0.021167807714490647
