0 0.10913489770336998 0.11677423283035172
1 0.10920226881798653 0.11677423283035172
2 0.10872899768843813 0.11609358046908676
3 0.1083846944289421 0.11558385525731064
4 0.10764210123195664 0.11531406324319816
5 0.10735220371095361 0.11357635483456661
6 0.10679535278010861 0.11300465810442423
7 0.10624824471590633 0.1122121535402988
8 0.10580474641657424 0.11157130397272279
9 0.10546273165035007 0.1111197871567318
10 0.10479424472862434 0.11042439241146397
11 0.10458401952752285 0.10997207064602364
12 0.1041437885711137 0.11009205259770075
13 0.10348729559474959 0.10924135606428302
14 0.10311096690053488 0.10893590569417551
15 0.10252193531916941 0.1086584585535549
16 0.10199605575258217 0.10819923244258932
17 0.10164877989174304 0.1029763852897962
18 0.1010251031008584 0.10240461953368574
19 0.10086116935489503 0.10716296515385236
20 0.10022154531329767 0.10612670772705124
21 0.09972307639863126 0.10603691800663118
22 0.09918502502742439 0.10062765777668674
23 0.0992240426859347 0.09990789987345149
24 0.09862308644706869 0.10387209170504948
25 0.09834366299930102 0.10347186356926977
26 0.0978242964685621 0.09862715112700134
27 0.0971547419691684 0.10270697449773786
28 0.09700793656119588 0.1008819811347772
29 0.09664067117750892 0.1016758311717517
30 0.09597908373856771 0.10123223815166915
31 0.09574445930160248 0.09893415190621685
32 0.09513731741723316 0.09839015798917466
33 0.0945981986594616 0.09843071718196929
34 0.0941738956760939 0.09756138991436189
35 0.09415983911602926 0.09488425395531418
36 0.09334834419090447 0.0948692714822502
37 0.09313613196430726 0.09487970883522463
38 0.09290722918316525 0.09393019604071859
39 0.09226524636635286 0.0928640566340589
40 0.09186008204300875 0.0924732524193505
41 0.09146155271871824 0.09200729829144443
42 0.09091369876257659 0.09135963439410154
43 0.09097156471811539 0.09440612321801863
44 0.08986333142940686 0.0906555438238603
45 0.0897835901029932 0.09187738130374186
46 0.08897004141154033 0.08985697219596166
47 0.08888766964106255 0.0903979700343852
48 0.08835633570569565 0.08984774683617097
49 0.08771258649598374 0.08937856797931626
50 0.08780844338854872 0.08753709763843685
51 0.08746787402310474 0.08860266411937173
52 0.08677115350890596 0.0874595838528469
53 0.08673127804443687 0.08889051182851083
54 0.08653211254120369 0.0848885066988636
55 0.08577962644880364 0.08654146105549113
56 0.08495703790417967 0.08458724348558556
57 0.08472352581623466 0.08560846202138772
58 0.08421550645724787 0.08442237084172852
59 0.08392138210187132 0.08295718565725504
60 0.08401167216250387 0.08223723200217556
61 0.08300846637984066 0.08313865826900038
62 0.08269354471138166 0.08119158728377111
63 0.08222952342705851 0.08079296064245507
64 0.08204504656690431 0.07908159517431965
65 0.08135746611650442 0.08005077685593993
66 0.08085452007645264 0.08148479339891845
67 0.08025258271194907 0.07802745443666459
68 0.08024568439403368 0.07802553240860641
69 0.08036386039606859 0.07915097022514701
70 0.0795015435985614 0.07936466811281996
71 0.0786543567465307 0.07562939274335335
72 0.07859306479540601 0.0783949863433406
73 0.07768964222939054 0.08191163925744582
74 0.07794098748169026 0.08151083479128957
75 0.07703703829859067 0.08217097729279602
76 0.07679270156151768 0.07513045611037905
77 0.07640157468834634 0.08027886343066133
78 0.07628226720809593 0.07204589335778583
79 0.07623844661138558 0.07812873703107592
80 0.07533674779070436 0.08031873661201194
81 0.07516633993772236 0.07201150663451726
82 0.07469205258036801 0.07589746332018914
83 0.0740165018179709 0.07287706082477818
84 0.07408564895048883 0.07350794427655752
85 0.0731628621800583 0.07559105754846823
86 0.0728652902392003 0.0756126476624998
87 0.07299949653061812 0.07071758400697963
88 0.07207050380474753 0.07582538416532744
89 0.07208401019450635 0.07227710778123442
90 0.07110694932390386 0.07480008195883171
91 0.0713821447310942 0.06583669206903779
92 0.07089410798817118 0.07010249484819503
93 0.07019339602473565 0.07467328007487267
94 0.07023783291763909 0.0715846667914381
95 0.06989753966938052 0.06278293458054057
96 0.06939684188495186 0.06682318851799743
97 0.06862829573359362 0.07177481732716882
98 0.06838681075279096 0.07169504333475256
99 0.06769963386836542 0.06064737047136894
100 0.06766109301534129 0.06281947377495786
101 0.0668509040328368 0.06459840653489606
102 0.06663065928473987 0.066608065673912
103 0.06665351979601467 0.0652075852559887
104 0.06613259020149023 0.058902840813998485
105 0.06543030748097865 0.05829166499045764
106 0.06489657474481099 0.062289693833518275
107 0.06424620838155742 0.062281338408252555
108 0.0644249942824367 0.05668766708329639
109 0.06356617656581078 0.06418259309881784
110 0.06367998848794193 0.057568519354000806
111 0.06217732356564052 0.06082482851952796
112 0.06256159243591969 0.05683008846925224
113 0.06239988896574827 0.057738052067724074
114 0.061882525900226484 0.05751366170399643
115 0.061607823972384554 0.054743598819703206
116 0.061213864408575784 0.058604137375655445
117 0.059827479068766676 0.05618583846003233
118 0.060011618650792194 0.05908404972652845
119 0.059810968905978236 0.05527146884998848
120 0.059063285743711606 0.053990949741226875
121 0.059113416703924025 0.05469565608676683
122 0.058516612892629015 0.055638064491868075
123 0.05850520598994299 0.05630840626748316
124 0.05763885760434044 0.05132695148139796
125 0.05764514956816918 0.05324449442441224
126 0.05694356832561329 0.05249340376578484
127 0.058148932987595374 0.05187048579023159
128 0.05660797179239978 0.05082866461305518
129 0.055853685033584344 0.05357783547530548
130 0.055175542445792036 0.049889396969802616
131 0.05496457526310695 0.04863721673041159
132 0.05595715572120661 0.050450162874222534
133 0.054765840596143825 0.05078577084280866
134 0.053709446189012335 0.048872567597649456
135 0.05349764163983312 0.04717912104943857
136 0.05372517262458938 0.05281694141965794
137 0.05312922267031039 0.04920753296140199
138 0.05351364310668974 0.04734402154670071
139 0.05293910019112453 0.04915173134990813
140 0.052118533792288896 0.04645709511642501
141 0.051368599717180996 0.04717842295607648
142 0.050834759446373334 0.04780481091716206
143 0.050448671554842166 0.04514359672012859
144 0.050314138837446516 0.04559560932772734
145 0.049778692276343406 0.045189969441529206
146 0.049764882266947225 0.04604284609443598
147 0.04934465570613622 0.047973687025398226
148 0.04891707044245515 0.04408503298373366
149 0.04842593463550632 0.04260823587741193
150 0.048219218280265645 0.04392797981003846
151 0.047618635679137364 0.041946524401183606
152 0.0471842558593373 0.04147448243045483
153 0.04753000061988485 0.04262494502338842
154 0.04695345068239644 0.04443973255112614
155 0.04685243186738681 0.041188732549805
156 0.04564382712385515 0.04237633274467686
157 0.04579530658347805 0.04117145032226767
158 0.04616149629139559 0.041225414580475295
159 0.04540169192153841 0.04163991290337658
160 0.044822020554069024 0.04120641206688227
161 0.045137050882522636 0.040588032156849516
162 0.04476335454092401 0.03982011670873239
163 0.04441939974498633 0.040203209053653204
164 0.04423442004161493 0.03994259664132015
165 0.04274211689186923 0.036406162956668695
166 0.04241688899632519 0.03960360783344378
167 0.04280463661393472 0.037577166544583374
168 0.042971883357037444 0.03876563309414405
169 0.04211912049380737 0.03692838590151646
170 0.04163195177485985 0.03785535046948399
171 0.041802334482738956 0.03969948902993697
172 0.04154254051434711 0.03672694406954976
173 0.04167135360588469 0.03593378810205524
174 0.03981218743512342 0.036229279263721194
175 0.03917930254588238 0.03623777029706793
176 0.03916066586571447 0.036703071672086286
177 0.03951142089757715 0.037312349807255646
178 0.039607025988629044 0.03563451678109684
179 0.03785226241705452 0.0357017688920316
180 0.03781718709927862 0.03413902735355656
181 0.03732763008844617 0.03447497219959642
182 0.03778491292725482 0.03504112700947669
183 0.03702301110560122 0.0339472333270605
184 0.03765774222832388 0.03388206021247078
185 0.03692815197245082 0.03446063586392361
186 0.03715695021151401 0.03360740456114958
187 0.03685016273362189 0.032992097015977044
188 0.036131818265849554 0.0331366338130974
189 0.0364091942314638 0.03335376328140168
190 0.03565690399254707 0.03300833541889618
191 0.03559861531759106 0.03398995799419356
192 0.034919111488609295 0.032700141262834985
193 0.035050191615567924 0.03219861906717
194 0.03467549534998374 0.031214761597196102
195 0.03283943702038528 0.03071476964178506
196 0.032713629384431876 0.02941907216627876
197 0.032428558328450194 0.030529723942277927
198 0.03208417946601791 0.02998556088602042
199 0.031835468199628854 0.030205604779286657
