0 0.12766460113228095 0.12834727873168403
1 0.12769238659594467 0.12834727873168403
2 0.1264226523939926 0.1256803443218109
3 0.12477395446161237 0.12945277725029997
4 0.12307970650566293 0.12088725973811815
5 0.12170096374228825 0.12804549146117294
6 0.12039986494833059 0.11721533332554404
7 0.11907007043374132 0.1212936709400783
8 0.11796297170183746 0.11969021628868631
9 0.11615272719164849 0.11807978471940068
10 0.11521802502714373 0.11829331809223388
11 0.11316009216652614 0.1157552500327841
12 0.11217361675931718 0.11452046243581576
13 0.1106485963670661 0.10756989054531518
14 0.10913408018811703 0.1122605049315383
15 0.10830936723760054 0.11079341688183159
16 0.10692520929659184 0.11011288719510766
17 0.10543717869327728 0.10891167214230221
18 0.10444752332822575 0.11576733686691437
19 0.10284233832642029 0.10204796330514836
20 0.10181523063924927 0.10630821939192599
21 0.10004939499922436 0.10229004716378315
22 0.09916612553820284 0.10045946994740695
23 0.0980168691869284 0.10039666605158315
24 0.09639786181302706 0.10423794220604679
25 0.09510400772179516 0.10731170775969558
26 0.09362593133769655 0.10277521683774082
27 0.09282832697408412 0.0958767176443198
28 0.09224625863747962 0.09749277294135034
29 0.09015066534624862 0.10030527955005594
30 0.08973974031491884 0.09210261441229689
31 0.08830890501034014 0.09239439605990622
32 0.08723308168714891 0.09523554791804603
33 0.08612020465077957 0.09474761721749851
34 0.08503263391765373 0.09511561217794419
35 0.08382478355922633 0.09479408528280736
36 0.08248447928923001 0.0891573563147123
37 0.08167653879409953 0.085709764872769
38 0.080514582347498 0.08837829098446992
39 0.07990814094852221 0.08532603170511333
40 0.0784185554888023 0.08706852974914452
41 0.07754218747316664 0.08194852994882175
42 0.0760878788809973 0.08217402869141918
43 0.07493804268886017 0.079537842518024
44 0.0740195621439407 0.07961623441751446
45 0.07273573008349363 0.07366238061403223
46 0.07132332719952317 0.07610802587335086
47 0.07073610478665082 0.07570518540865241
48 0.06952497309433647 0.07465929022415953
49 0.06847107366099757 0.06892803240499505
50 0.06790024281470858 0.07094161536439518
51 0.06679332108681083 0.07181040468418551
52 0.06549603380038681 0.06809451908468507
53 0.06462750669882616 0.06748275298610876
54 0.06333071010945328 0.06585242975527904
55 0.06256464640128581 0.06501090940254278
56 0.0616364060556242 0.06290520705293359
57 0.06056920222961049 0.0661129371930984
58 0.059718288676364695 0.06279106337510604
59 0.05888441212730668 0.059970671986293834
60 0.057543231869992266 0.061822583616621435
61 0.057024484717604546 0.059429011462292555
62 0.056065874253561264 0.05093550442840205
63 0.05482234035514366 0.05790952351779407
64 0.054398273458632455 0.04710136825012586
65 0.053816142845683757 0.053096894008962336
66 0.052342663293214825 0.05353232894091013
67 0.051596111702111654 0.0515834564199853
68 0.05015121344179664 0.050991507931488635
69 0.049864057442102344 0.04299030979556632
70 0.04838931762054438 0.048134396369794365
71 0.04786325129041971 0.046467223822669115
72 0.04699634449781361 0.042661683434316734
73 0.04617521825129325 0.04387574845452972
74 0.04541171003208746 0.043699644175042414
75 0.044457982151487004 0.039706726358941805
76 0.04410714854438071 0.03899244129902264
77 0.04314097345668041 0.04052691924452346
78 0.04264943980756401 0.03819074954821285
79 0.041493744829704346 0.03698203000093254
80 0.04053922133783404 0.03497675193981142
81 0.039890500966499653 0.03648989959504361
82 0.03877197879153288 0.033395948025083805
83 0.03875857834352863 0.03558855073769302
84 0.03767841687568543 0.03386625450643234
85 0.03671248525054827 0.03140853817867334
86 0.03594819370642898 0.030352089045531674
87 0.03507840982255065 0.03017049030112101
88 0.034208448242489996 0.02992727109837803
89 0.034116646879355665 0.029382695635267443
90 0.033100911625128474 0.02903210260593734
91 0.032487438392709074 0.027500633506780656
92 0.0313659201449487 0.028733882396352755
93 0.031056680040197383 0.02666474292794978
94 0.030482258018906198 0.02790743770714286
95 0.03028352697272934 0.025615068513809864
96 0.02957460595046418 0.025426445727773223
97 0.027976994831390458 0.025212594565854344
98 0.027463070600197488 0.025051547525084556
99 0.027124052778523006 0.023361260113134708
