0 1117.350951930412 443.7848513643034
1 1117.3105354983172 443.7848513643034
2 1108.0625668243142 423.8291324668895
3 1093.584956567827 429.37219185653754
4 1085.0829925595444 426.2063909084671
5 1075.8404669158201 424.4824219346564
6 1065.7328081630365 473.8427954249512
7 1053.4644672069824 417.86063082967297
8 1042.3255995731065 407.16522039317823
9 1035.4837692363076 421.1176093491299
10 1022.3820117121273 418.66035969258695
11 1015.3634559962103 413.57733750884375
12 1007.3135716730106 410.758228065135
13 994.7793448054313 407.6426770506786
14 981.3145145080729 404.82363511005053
15 978.7316691742699 401.2987209259883
16 966.7769971991462 398.88993346640024
17 955.9970804687364 396.33842938963284
18 948.8461784862023 415.038902434899
19 934.929478015163 383.55010113400897
20 927.12855923858 380.47854214988513
21 917.7809102200005 376.95313474565654
22 906.5646894921773 373.2348088345212
23 898.4130343739594 369.9781512723916
24 888.3128131502614 366.023044138183
25 881.7696902954417 362.6453495642283
26 871.6348572064784 358.7121330471452
27 865.0357204543769 354.7424598283085
28 854.6603340967376 348.83220316111726
29 843.9889927362484 345.08699668420707
30 838.1376525260854 342.5709505075841
31 826.6706299450609 339.910015154022
32 816.4097244113472 337.32383183215745
33 807.2407354954684 330.52556968042103
34 804.4829643488689 327.36712232068834
35 790.0463990461003 326.7394330776687
36 782.1146913521519 326.8927874987423
37 777.9746309459352 321.17333832316706
38 766.5745814414383 324.2584468395073
39 760.0687975942775 317.48724038015166
40 750.9250381154394 313.8251064426955
41 745.5317020406851 307.75185208507594
42 736.9002521464074 314.3966914012415
43 727.4999233683301 300.11337337395656
44 719.6179654663913 298.8280743161904
45 711.0587294813247 292.27801699319906
46 702.1187806413525 287.87237746451405
47 692.1642527553178 288.55932924640945
48 684.4475158595766 280.8234651886854
49 677.6598057410594 285.5217057821556
50 669.8596460122717 274.6772405248349
51 659.4121354375438 266.2778431086474
52 652.6593680095841 280.14183122163706
53 646.3781470861638 279.24717949530145
54 637.6300251264339 265.4641296915309
55 625.2077058980266 261.5719638453944
56 617.980387159143 263.2525745604797
57 610.053041578238 249.40373275258656
58 600.561069645766 254.70912780969363
59 594.6155588809244 249.2242191862432
60 589.4922732465651 244.2018225826693
61 585.6118321821574 241.10365887615376
62 575.7398960229941 242.98585394929322
63 568.4448303263174 235.36918723113575
64 561.2589472585925 234.25683212770076
65 549.7990722995127 232.2802703586218
66 542.8173115806767 227.499717982202
67 533.1540064639831 223.8126405571023
68 530.2802268206542 224.6845100034288
69 518.4028537933398 222.79752016270785
70 510.92942358626226 217.10919511725695
71 502.3659620616923 214.92937428463426
72 496.64365121644045 217.26131398293754
73 490.5499756379277 208.6618500691278
74 480.9352047621533 202.95171789488177
75 474.9850264825383 199.07304196173644
76 468.21250158417257 203.87032021495557
77 461.65957622420876 192.28700924382557
78 455.2701174631978 196.86928445326495
79 450.24205555896935 193.64340122143685
80 441.96051444016234 191.78956887055637
81 437.296213922828 186.9720451133258
82 433.7758617619523 187.66256877824497
83 423.7891302803663 173.9324161567749
84 420.1432713409187 183.15486973609757
85 412.82822078351126 175.77494399800344
86 404.87921286008867 173.6195902224761
87 393.81820784779865 171.5079739449116
88 391.0203201123117 165.30051236660887
89 386.8781718557466 163.22470329726406
90 377.7374991478925 158.2284835122432
91 375.47502578375247 156.0544430138935
92 367.6360339284494 153.613161116246
93 362.5857322514955 151.18876987574413
94 357.92353233858256 152.78134837801142
95 352.39011439323235 151.61283735651503
96 345.8427420142377 144.60613836132254
97 338.32151480196876 144.271933120492
98 332.79415272456765 140.7880567334924
99 329.46813817752053 142.41246287509523
