0 1312.0524292113723 653.9382717272945
1 1312.7019149740502 653.9382717272945
2 1298.2042317129865 646.7337264913925
3 1279.6021294535344 640.6854103455066
4 1256.6761021583563 634.8417575964984
5 1238.5335329557215 630.4093509867339
6 1221.5922047623976 625.2439743872603
7 1203.9362508326055 619.2377037857601
8 1191.839221090744 569.3023176974162
9 1170.9585741500573 557.5483284222317
10 1152.664686270123 598.0923139096969
11 1136.6456491391511 584.1992302390319
12 1118.1581294917912 518.5707065302264
13 1102.7460452946996 507.7386543619122
14 1090.6851433832487 537.960465051225
15 1071.1910071498821 532.691141851338
16 1061.447858641904 454.0970680446454
17 1047.4315932448003 475.02192342514087
18 1029.6433720297596 506.8897985364811
19 1018.2967670295061 508.6806011465596
20 997.284544367402 498.26183163742206
21 983.7296513049165 491.241673377049
22 970.2300800218089 486.48653614124026
23 957.9194327024779 418.6008723450445
24 941.2979709384408 423.4664159720569
25 926.7578026378831 407.3667343898457
26 917.0398813963734 418.42646455553734
27 899.6621362923727 421.0333104107964
28 887.9255879519934 409.8599561596743
29 871.0972840014216 411.56048603934494
30 854.0025591650619 380.6988474050306
31 844.3385924521539 385.071127760807
32 838.0316377811164 374.2332678886357
33 816.5102627114815 356.48568830089914
34 806.5966900535716 370.0614031096741
35 791.1273372041718 343.43353830305375
36 778.1702211961343 358.70856378526076
37 764.3211434501376 304.2663600111734
38 748.8016483623865 340.9321990548918
39 741.2085869268165 297.9519948083753
40 728.3165265851458 323.30081585723616
41 714.883634061644 328.69725889562176
42 698.4971951077675 295.756923814599
43 689.0868799403661 282.67043285623794
44 681.0245491928524 309.443992579005
45 664.7565245942423 309.77766080674513
46 657.1537142018278 305.118164738228
47 648.1704661025666 284.72248795192235
48 632.7655984456685 249.5202139704982
49 619.2349792497554 269.9028952228136
50 609.0674434965297 266.57498874112474
51 596.8331372097178 263.4340403254504
52 587.2501313448055 248.49584492982552
53 578.8095285187349 261.67895302362666
54 562.8649499386097 245.89047496682733
55 555.805421586368 245.57785028820666
56 542.3632361315014 230.2718450442805
57 533.2630708830119 229.347032389363
58 526.6637820823225 221.64990874336598
59 511.7337906460234 223.75525101882116
60 504.0106581928683 212.32231341575104
61 493.71581696565374 217.93390669564695
62 482.6289519654924 226.20190696220635
63 474.0463903336529 204.57655165812608
64 466.2630913162875 190.63431704369987
65 453.72939678219336 208.62056883722272
66 446.49068855453703 180.66415337215128
67 440.4830416400177 178.62808227942705
68 428.35315260567677 182.6002425791282
69 420.0776402578084 185.76829226565627
70 408.4917558357975 181.07582970787132
71 399.4092396673007 172.8656872105189
72 395.0116105783608 180.46602378576685
73 388.3855323001389 174.24073693976393
74 377.1883279436393 155.86186077326715
75 365.2383989819007 176.26616954101982
76 360.48122606319237 151.57196903515535
77 348.72334309185214 150.07784778936227
78 342.80242678379585 158.42797259790316
79 337.04199819479425 146.95699819331364
80 324.33859811021387 135.71165718058845
81 318.3997198068806 127.0219977280798
82 315.54176500324945 139.21057434755858
83 307.1052173666007 130.5984440190481
84 299.77029224060374 121.8086709606006
85 289.1464150257498 123.5136944365607
86 287.6256266093923 122.0201689675974
87 277.1410839976073 115.47076126101497
88 270.96328259616547 107.62563302358167
89 262.86230542493365 107.9244361430071
90 250.42565968345295 102.41020405213594
91 249.10642172171072 102.69813481155514
92 243.20266303380455 104.05004274622485
93 234.7130053426717 106.20742491285863
94 227.53363141095073 94.46810901232699
95 226.23063610826568 101.30906745629254
96 223.26551395010367 96.11787823936864
97 215.28000574480302 88.90953235087616
98 209.726530990366 87.17472283908064
99 203.73604883158657 86.37226710733653
