0 0.15766098753454028 0.1595994593318983
1 0.15762401298108997 0.1595994593318983
2 0.15550050444394248 0.15297158551727016
3 0.153462662432109 0.15883228495190568
4 0.15192054735242033 0.1579466864568981
5 0.15023150246805564 0.15772597209802308
6 0.14796986812908242 0.15705462682603646
7 0.1463414734836487 0.1564601964258042
8 0.14484315228139297 0.1538205142800682
9 0.14325345382754126 0.1503607788401837
10 0.1417008936081022 0.15226766215145163
11 0.14016765830243486 0.1501511146277148
12 0.13798762364256836 0.1480952431361234
13 0.13681168432979576 0.14896526446156358
14 0.135265803395251 0.14692972213560299
15 0.13389757317288606 0.1449567921334369
16 0.13235837508810894 0.14319038980219698
17 0.13089658270545607 0.1397726328653939
18 0.12990726993227222 0.1371510085019525
19 0.12827029160365688 0.13805249118502422
20 0.12684829595993166 0.13675594797876878
21 0.12552861569610932 0.12982842446897924
22 0.12340991123895434 0.12975951516208173
23 0.12238515697924364 0.1284357617689413
24 0.12043593128720628 0.12754274777596858
25 0.11961120632077198 0.13637189410649653
26 0.11757145948134244 0.1349556709557678
27 0.1166137541688755 0.12602612957545606
28 0.11515055579432272 0.12476725345281159
29 0.11371578764963426 0.12812768437989389
30 0.11245550307888444 0.10410215504428409
31 0.1112864551492143 0.11190253024484509
32 0.1097408806103353 0.130157669456909
33 0.10891631654492291 0.10354263567243134
34 0.10708714139963052 0.11999619691586046
35 0.10529056582516473 0.10509985357025538
36 0.10466527037753799 0.10679432242903769
37 0.10301514257195293 0.11492791809220215
38 0.10165740214465441 0.1024332342320906
39 0.10048432092592575 0.0974222096138237
40 0.09934976663026138 0.097247956764925
41 0.09759050166102291 0.10108945610573172
42 0.09711222619634757 0.10635330493852925
43 0.09560905887382921 0.09119438486338056
44 0.09527361972299155 0.10682986518922474
45 0.09364005499272962 0.09311400036187219
46 0.09243532110033688 0.0961559541510443
47 0.09129062740596282 0.08918463190917504
48 0.08977776639912127 0.09795733581023747
49 0.08872998604239336 0.08808567735050474
50 0.08738811073726606 0.08389041048532576
51 0.0863243929895753 0.08726195105431771
52 0.08511549131748926 0.0807873550701163
53 0.08445560573833381 0.08422939003342103
54 0.08292403446171305 0.08884293433808316
55 0.0814224123782215 0.08993632597754832
56 0.08091493176958993 0.08419203425649882
57 0.08034774559352814 0.08116510168379705
58 0.07911942171039592 0.08322166926827096
59 0.07768866510341843 0.08339181450551424
60 0.07696251297312671 0.08287161179024652
61 0.07594840828378913 0.0796677818908176
62 0.07477290027149942 0.08205355955512622
63 0.074063990906803 0.07597937694767022
64 0.07295813169049853 0.0816569219837977
65 0.07178196400313826 0.077554149461113
66 0.07138120610598606 0.07134134075478346
67 0.0699459707481776 0.07420538181366347
68 0.0691818816439387 0.0713264040093562
69 0.06852841437571465 0.07292959573993064
70 0.06751433642688938 0.06702158081741343
71 0.0663478726503843 0.06183186942521107
72 0.06534205723830436 0.06938747866458894
73 0.06476570177015833 0.06055811735765018
74 0.06344143683709166 0.0626179253028138
75 0.06269947831383688 0.06663635656987665
76 0.061722367137541874 0.06741333407792305
77 0.060849743536940316 0.05757839572166962
78 0.06035209882848903 0.05866534963704777
79 0.05942090138541047 0.0589512859704338
80 0.058365947964670636 0.05983384205965295
81 0.05715820767342226 0.056367527680847775
82 0.056467621025488184 0.05587137132195361
83 0.055815110965356976 0.0578204407292291
84 0.05492497071074747 0.0579763252906514
85 0.05417702292787326 0.05641906982916891
86 0.0533067628385042 0.05308489388579863
87 0.05235555395766379 0.05443433111433957
88 0.05185866468192114 0.052029526492832406
89 0.051218645637061924 0.0525533223112964
90 0.05089200785003036 0.05063740158954232
91 0.04974335900497909 0.0493879608357346
92 0.04865203759028065 0.05313496239148414
93 0.0477580986791003 0.05027522938614551
94 0.04705147931737938 0.05133576398613574
95 0.04678965944800793 0.050297584523138136
96 0.045826650919905794 0.04540199560378664
97 0.04503060873692443 0.04954234682891172
98 0.04458639257564973 0.04791924699649756
99 0.0438476587339891 0.048250561290041634
