0 0.15510257744802142 0.17286522824537942
1 0.1550864783699487 0.17286522824537942
2 0.1524360639281029 0.17242533135195315
3 0.15043143646570478 0.16704755744749622
4 0.14847450308674756 0.1656109500688234
5 0.1460642985193404 0.17546527751906987
6 0.1439536244408998 0.16262317556915584
7 0.14232858182065453 0.16423595912741473
8 0.14010742414097424 0.16461828948086615
9 0.1374210976261538 0.16186770618445784
10 0.1360419169200442 0.1599097888324832
11 0.13398081781261792 0.15784015437575172
12 0.13146448664036656 0.1567160485169291
13 0.12988386268949073 0.15639503639319619
14 0.12798618319105423 0.15490889776112013
15 0.12591956105527932 0.14984536689611458
16 0.12422276635443362 0.14799226288336395
17 0.12226755072204766 0.14667556581015004
18 0.12112108506033854 0.14820078781123222
19 0.1185970661490969 0.14582708068304878
20 0.11706611353103175 0.14189965652670494
21 0.11537608702253516 0.1371960497889276
22 0.11350081732216516 0.13683988134691677
23 0.11242965496859858 0.14269653247433614
24 0.1105477321020166 0.13221040719665625
25 0.10954402262949778 0.1312978857552676
26 0.10719712602993056 0.13074794722208058
27 0.10567261735317172 0.1277559049727212
28 0.10514841715108353 0.13369460649366896
29 0.10297854470815973 0.12729085335588552
30 0.10167148368962141 0.12309985595333421
31 0.09995718414935964 0.12218166282064089
32 0.09817166490407604 0.11503148956254804
33 0.0976335809402404 0.11445301803113073
34 0.09551640835875391 0.12358388363722181
35 0.09436949989419524 0.11221691839981725
36 0.0923256885483155 0.12437414423499332
37 0.09186161398100864 0.12099865869979821
38 0.08991197762147153 0.11036404970243634
39 0.08911755489276721 0.11839583277043939
40 0.0875180113884876 0.10867718516775066
41 0.08640212892769233 0.11007334210015833
42 0.08507412734185579 0.1095137664380939
43 0.08384660785363944 0.09928793726305735
44 0.08268526865322857 0.09943626171491647
45 0.08088094936252593 0.10808084611590514
46 0.07923534514921733 0.08100179456264772
47 0.07791062187997755 0.0992126070987969
48 0.0772828107735169 0.09248061456946137
49 0.07619346741036138 0.09970671376450067
50 0.0748828484866437 0.09392302441074572
51 0.0733891694260276 0.09157379213106923
52 0.0726726928650917 0.08775839995009117
53 0.0715644694689355 0.08437465396713967
54 0.07035241706074431 0.08725947672545509
55 0.06906336139916522 0.0886860481618102
56 0.0680205241533117 0.08628790061889217
57 0.06702977164432958 0.07995638595291617
58 0.06566514042565576 0.07883088587901367
59 0.0646354063211689 0.07541802219612916
60 0.06379165321894527 0.06213982974992363
61 0.06271535636384494 0.06461301044948577
62 0.06131926852259241 0.05795680911188276
63 0.06048215617826373 0.061546068711068914
64 0.059704276904041564 0.06685971820951093
65 0.0585550767619875 0.05789455879400694
66 0.057389098973164146 0.05891758077279025
67 0.056580033940207095 0.06004910960947855
68 0.0555461257142495 0.05221022621656915
69 0.05482558513522414 0.054615144794427375
70 0.05391036300424996 0.05119799439876649
71 0.052797270029062274 0.05399181085658873
72 0.0516654918910018 0.0556713795637425
73 0.05116303242348719 0.05265786294663822
74 0.05011447634108175 0.04709295690610505
75 0.0493467746928343 0.04817259238567284
76 0.048195987887797796 0.051360325609641565
77 0.0472354822624768 0.04532213979808729
78 0.04649440402327277 0.048395702848925574
79 0.045704754528809524 0.045010447408088454
80 0.04513571137003435 0.04577188632132566
81 0.04410652742078604 0.0443858515599505
82 0.04334444915270564 0.043149901257552595
83 0.04258748216133058 0.04149246003651868
84 0.041568112798740155 0.04388003589326491
85 0.040829996135536346 0.0384835971367526
86 0.04003120786376955 0.04068487953964969
87 0.03890816580779759 0.03738217011421844
88 0.03869129290744454 0.0398412546796352
89 0.03798441527639951 0.038579454393552114
90 0.036823653471878645 0.036102505689818896
91 0.036374966196531654 0.037019865977278354
92 0.035793216462843044 0.037724059598869264
93 0.034655354966295585 0.03340895541099058
94 0.034236040544708246 0.0362342775070692
95 0.033736151096904525 0.03107683746407738
96 0.033171881666915724 0.03267073148599095
97 0.03235554590433805 0.029614919993221318
98 0.03150738344206316 0.031052042929782548
99 0.030646300003782 0.03237485238581961
