0 0.1562855998179431 0.1467569746077728
1 0.15629756230041753 0.1467569746077728
2 0.15451814630163568 0.14505028260588945
3 0.15251884238075655 0.14346934057231095
4 0.15057568601090482 0.14217598157558325
5 0.14840220613885782 0.1400484550321855
6 0.14663041682770497 0.13766746845722092
7 0.14462707334032912 0.1386605129178168
8 0.14251466608536276 0.13765696194813853
9 0.14011386690796215 0.1348420029732408
10 0.13801188570087133 0.13477393452244535
11 0.13598219556263996 0.12976682846229515
12 0.13465930106624605 0.1324584765800931
13 0.13248179105501962 0.1316857836632969
14 0.13048659853502087 0.12596384018364148
15 0.1285624581191722 0.12460508216985976
16 0.1268164992158899 0.12180208968673217
17 0.12521775925859388 0.11987841975163938
18 0.12348208935781373 0.12177022518892992
19 0.12127001712007653 0.12368270850167075
20 0.11953682869003732 0.11529154819826017
21 0.11789338804025025 0.11794108247601671
22 0.11612738155559046 0.11306632851535128
23 0.11426848216442334 0.1096342115495484
24 0.11260419265397337 0.10870387422613742
25 0.11046557888896841 0.10888283434331031
26 0.10952104888183303 0.11118570563479252
27 0.10796735025167281 0.10868035402300609
28 0.10657680567538416 0.11455208802087764
29 0.10464187338786557 0.10689421135108347
30 0.10354781211563162 0.10893878162454586
31 0.10154168577311141 0.10242705695447961
32 0.09906340148224363 0.100230465796674
33 0.09838936915200548 0.1133856209042079
34 0.09758308878013401 0.0976602020549677
35 0.09549631071565641 0.09856129879813999
36 0.09442960005709378 0.10663738917166815
37 0.09240184245999987 0.09587005827969672
38 0.09157555432186115 0.09529199630372807
39 0.08986174652876791 0.1037698477928548
40 0.08884596925305858 0.096604855913838
41 0.08774151998546087 0.09697871290796388
42 0.08601034762579528 0.09092086687887256
43 0.0850031875741961 0.08801524835500893
44 0.0839023160476137 0.08430903019526106
45 0.0820187556711738 0.09272421379810161
46 0.08051041963824401 0.08223020340333084
47 0.07963364450063012 0.08488415009684332
48 0.07832166708950938 0.08122866322044517
49 0.07710344963873998 0.0800741511570363
50 0.07592061530347662 0.08750205517293631
51 0.07508276882274015 0.08303831487469558
52 0.07366378440873028 0.07764600783972014
53 0.07209238707344877 0.07800324827842274
54 0.07101878652868149 0.07270017453940895
55 0.0704665043391007 0.07532118432785022
56 0.06883116098123171 0.07031661539219833
57 0.06763696136705205 0.0734007075278978
58 0.06659981596178138 0.07175619910983012
59 0.06548831668082081 0.06870720230711533
60 0.06466737049423721 0.06918813661359532
61 0.06341192716535109 0.07144975925923515
62 0.06235188872562721 0.06510967111822107
63 0.06157177522627314 0.06591530413817434
64 0.06017619133310783 0.06754871056553075
65 0.059429226583928386 0.06828033055856358
66 0.059148731711072274 0.0680641165276275
67 0.05754440831923391 0.06124370500110917
68 0.056070705057659695 0.057136201694145385
69 0.05532647181876163 0.06476358675792035
70 0.05485607190665326 0.060187358393091084
71 0.0531743388725851 0.06336844001859734
72 0.052740096331406736 0.05259546743664427
73 0.051429356488077525 0.05527442003446034
74 0.05074444202876133 0.05331873468185327
75 0.04950288866306766 0.04954547942098628
76 0.048367612531563735 0.05183300338776138
77 0.04770456700770322 0.04634674157839778
78 0.04694816765783274 0.053760373663008426
79 0.04601806755906905 0.05226463410748242
80 0.045048752820784736 0.05266235371802394
81 0.04376444914296428 0.04517386817145215
82 0.04363546509082896 0.04318505663822397
83 0.04238910795996086 0.045528578792514075
84 0.04165600850303572 0.04326843110107877
85 0.04082369764936217 0.04343904070416323
86 0.0401988278233848 0.04301800090690498
87 0.0395270517490346 0.044874639562467636
88 0.038073640085951016 0.04322297145390706
89 0.03729860854793075 0.03768927169711959
90 0.03758400040078175 0.040775119482383555
91 0.03632822735100837 0.03722045498860298
92 0.03555680125417821 0.03765622005315667
93 0.034600670329124984 0.03328338361790999
94 0.03461400492589856 0.03224417245677304
95 0.03376359591717461 0.031969960951047746
96 0.03225781514517838 0.02997811208645829
97 0.032203855527491054 0.031144623782683976
98 0.031279639445217645 0.029198488199940024
99 0.030947736097925355 0.028113114484011718
