0 0.1099823395262894 0.10842217637226483
1 0.11005121880353923 0.10842217637226483
2 0.10912091738400902 0.10756705003542642
3 0.10831909238633199 0.1073232200222959
4 0.10747488690013822 0.1115288808822601
5 0.10640770659468886 0.10473277057938425
6 0.10561779392186937 0.10379208336174252
7 0.10440066243308557 0.10334952665795384
8 0.10394398145251818 0.10132269192240223
9 0.10283539708791252 0.10188220955836394
10 0.10177612539140296 0.10110170797398686
11 0.10114241063999899 0.10035682362341407
12 0.1002256902397788 0.1050606062466551
13 0.09915777072775757 0.10322039074302836
14 0.09837996087621427 0.10163679444044722
15 0.09719723967115727 0.10413591524814272
16 0.09639736488663103 0.1029659599755449
17 0.09552169773364134 0.09561857825443165
18 0.09453934098406307 0.09483168894430644
19 0.09384451194340215 0.09401115379581845
20 0.09311574781585089 0.09251792649198307
21 0.09210377255369248 0.09197273357170278
22 0.09106678209598086 0.08994249159536342
23 0.09061044810477765 0.09380795247119984
24 0.08984031156861663 0.08985415783322742
25 0.08890338889149317 0.0934979708556924
26 0.08795172533349627 0.09582750387273563
27 0.08707406371536393 0.08742473234040388
28 0.08632293062374499 0.08603735775067148
29 0.08563011480002765 0.08456666271054294
30 0.08501020654549019 0.09054288402706527
31 0.0835947409953247 0.08807931846559652
32 0.08349326348808336 0.08857463828171135
33 0.08223468849701836 0.08658770513458813
34 0.08196644346035799 0.08609158845009633
35 0.08061782678960393 0.08179881974880887
36 0.08011087067197677 0.08388969243085859
37 0.07941150161794022 0.07914997929638798
38 0.07840788420291475 0.08231373389980713
39 0.0776565449327406 0.0776502766018372
40 0.07674908142734939 0.08089705884473208
41 0.07610997326187592 0.07864173445005761
42 0.0750445448641408 0.0758158671513306
43 0.07426408065317229 0.0768508906462626
44 0.07336046664753341 0.07268062509295592
45 0.07223310564207948 0.0745528022673884
46 0.07201168523897598 0.07157273413681102
47 0.07085135319823505 0.07126460879175835
48 0.0697461037504269 0.07346335318017784
49 0.06912692998165455 0.06942424447887452
50 0.06853055966773267 0.06952598495339254
51 0.06754591654875473 0.06780537451470062
52 0.06691209224120967 0.06825278991148581
53 0.06651656077256723 0.06694848434350595
54 0.0650967591958389 0.06501397908535382
55 0.06402732965124948 0.06595250177492244
56 0.06358647518219714 0.06367386109286417
57 0.0629893518336984 0.0643314781307476
58 0.06192753816125156 0.06231573951124325
59 0.06131310551396046 0.061682389305279806
60 0.05975217813647667 0.06268280423935313
61 0.05960972476251059 0.0613735373449507
62 0.05920066462750572 0.06054680536191108
63 0.05783112649402344 0.05993310061975954
64 0.05668625305124145 0.059803463651178626
65 0.05596025918688138 0.05832303919606716
66 0.055281127694862195 0.056254481189833776
67 0.05491288075723126 0.056724066674266056
68 0.0542273140772525 0.05472810647727515
69 0.05302475257295783 0.056785258768849343
70 0.05287857192311412 0.053307063963159255
71 0.05180472709436177 0.05127375505779585
72 0.05140193614406488 0.05567411724747579
73 0.05166763871945111 0.04971205199194579
74 0.04958626624576848 0.04950382295775781
75 0.04925316967303641 0.050625120221606014
76 0.04885826055247203 0.04907939778027418
77 0.04884242297351123 0.04873553093905772
78 0.046600165307177144 0.04646085532767106
79 0.046131817735416726 0.04591347484769047
80 0.04585068337625949 0.04711826652665419
81 0.045256135461674105 0.04525717923698433
82 0.04449541079277812 0.04332530203112339
83 0.04408906736108771 0.04324954392491368
84 0.04235554829226627 0.0431285913842233
85 0.04258043513646386 0.04404751283329646
86 0.04200611903367922 0.04167709858213917
87 0.04140910166307164 0.0414227030100717
88 0.04068737919783233 0.04152801742736175
89 0.04033227666789181 0.039565233979494345
90 0.0386491346738519 0.04047944793375288
91 0.03831789913518716 0.04016155188067606
92 0.038154062392662266 0.03824447294002054
93 0.03738472349862424 0.03659948657542205
94 0.0373513429556157 0.036937512624898555
95 0.0363357208435708 0.03583433924641564
96 0.0358676605064391 0.03586308805572351
97 0.035755914298674064 0.035714814493775816
98 0.034845408300528555 0.0368678030987942
99 0.034334071251281593 0.034157065329449475
